

[/Script/YourFirstHourwithUMG.PlayerPhysicsSettings]
ProjectileSpeed=18000.000000
JumpVelocity=2000.000000
MoveSpeed=4000.000000
_moveSpeed=1600.000000
_jumpVelocity=1000.000000
_projectileSpeed=3000.000000

